10 19
Graph 1 
1   2 3 4 
2   1 3 4 
3   1 2 5 
4   1 2 5 
5   3 4 6 
6   5 7 8 
7   6 9 10 
8   6 9 10 
9   7 8 10 
10   7 8 9 
Graph 2 
1   2 3 4 
2   1 3 4 
3   1 2 5 
4   1 2 6 
5   3 6 7 
6   4 5 8 
7   5 9 10 
8   6 9 10 
9   7 8 10 
10   7 8 9 
Graph 3 
1   2 3 4 
2   1 3 4 
3   1 2 5 
4   1 2 6 
5   3 7 8 
6   4 7 9 
7   5 6 10 
8   5 9 10 
9   6 8 10 
10   7 8 9 
Graph 4 
1   2 3 4 
2   1 3 4 
3   1 2 5 
4   1 2 6 
5   3 7 8 
6   4 9 10 
7   5 8 9 
8   5 7 10 
9   6 7 10 
10   6 8 9 
Graph 5 
1   2 3 4 
2   1 3 4 
3   1 2 5 
4   1 2 6 
5   3 7 8 
6   4 9 10 
7   5 9 10 
8   5 9 10 
9   6 7 8 
10   6 7 8 
Graph 6 
1   2 3 4 
2   1 3 5 
3   1 2 6 
4   1 5 7 
5   2 4 8 
6   3 7 9 
7   4 6 10 
8   5 9 10 
9   6 8 10 
10   7 8 9 
Graph 7 
1   2 3 4 
2   1 3 5 
3   1 2 6 
4   1 5 7 
5   2 4 8 
6   3 9 10 
7   4 8 9 
8   5 7 10 
9   6 7 10 
10   6 8 9 
Graph 8 
1   2 3 4 
2   1 3 5 
3   1 2 6 
4   1 5 7 
5   2 4 8 
6   3 9 10 
7   4 9 10 
8   5 9 10 
9   6 7 8 
10   6 7 8 
Graph 9 
1   2 3 4 
2   1 3 5 
3   1 2 6 
4   1 7 8 
5   2 7 8 
6   3 9 10 
7   4 5 9 
8   4 5 10 
9   6 7 10 
10   6 8 9 
Graph 10 
1   2 3 4 
2   1 3 5 
3   1 2 6 
4   1 7 8 
5   2 7 9 
6   3 7 10 
7   4 5 6 
8   4 9 10 
9   5 8 10 
10   6 8 9 
Graph 11 
1   2 3 4 
2   1 3 5 
3   1 2 6 
4   1 7 8 
5   2 7 9 
6   3 8 9 
7   4 5 10 
8   4 6 10 
9   5 6 10 
10   7 8 9 
Graph 12 
1   2 3 4 
2   1 3 5 
3   1 2 6 
4   1 7 8 
5   2 7 9 
6   3 8 10 
7   4 5 9 
8   4 6 10 
9   5 7 10 
10   6 8 9 
Graph 13 
1   2 3 4 
2   1 3 5 
3   1 2 6 
4   1 7 8 
5   2 7 9 
6   3 8 10 
7   4 5 10 
8   4 6 9 
9   5 8 10 
10   6 7 9 
Graph 14 
1   2 3 4 
2   1 5 6 
3   1 5 6 
4   1 7 8 
5   2 3 9 
6   2 3 10 
7   4 9 10 
8   4 9 10 
9   5 7 8 
10   6 7 8 
Graph 15 
1   2 3 4 
2   1 5 6 
3   1 5 7 
4   1 6 8 
5   2 3 9 
6   2 4 10 
7   3 8 9 
8   4 7 10 
9   5 7 10 
10   6 8 9 
Graph 16 
1   2 3 4 
2   1 5 6 
3   1 5 7 
4   1 6 8 
5   2 3 9 
6   2 4 10 
7   3 8 10 
8   4 7 9 
9   5 8 10 
10   6 7 9 
Graph 17 
1   2 3 4 
2   1 5 6 
3   1 5 7 
4   1 6 8 
5   2 3 9 
6   2 4 10 
7   3 9 10 
8   4 9 10 
9   5 7 8 
10   6 7 8 
Graph 18 
1   2 3 4 
2   1 5 6 
3   1 5 7 
4   1 8 9 
5   2 3 8 
6   2 9 10 
7   3 9 10 
8   4 5 10 
9   4 6 7 
10   6 7 8 
Graph 19 
1   2 3 4 
2   1 5 6 
3   1 7 8 
4   1 9 10 
5   2 7 9 
6   2 8 10 
7   3 5 10 
8   3 6 9 
9   4 5 8 
10   4 6 7 

